Some((
    red: 0.18039216,
    green: 0.28627452,
    blue: 0.42745098,
))